0 0.329457 0.626722 0.102326 0.190083
0 0.647287 0.721763 0.094574 0.162534
0 0.436047 0.234848 0.078295 0.103306
0 0.339535 0.261708 0.046512 0.129477
0 0.540698 0.783747 0.096899 0.187328
0 0.659302 0.436639 0.087597 0.132231
0 0.348837 0.349862 0.089922 0.140496
0 0.421318 0.465565 0.089147 0.146006
0 0.540310 0.397383 0.088372 0.103306
0 0.549225 0.091598 0.070543 0.106061
0 0.633333 0.365702 0.052713 0.086777
0 0.625581 0.567493 0.093023 0.151515
0 0.724031 0.530992 0.089922 0.141873
0 0.523256 0.502755 0.085271 0.137741
0 0.503876 0.622590 0.102326 0.165289
0 0.381008 0.739669 0.110853 0.206612
0 0.535659 0.223140 0.055814 0.090909
0 0.495349 0.154959 0.043411 0.086777
0 0.339922 0.453168 0.092248 0.132231
